11

----.-.-——-

100, 8. 10210. 112, 24. 114, 4. 118,10. 127, 4. 128, 8. 129, 10, 135, 3.
164, 52. 168, 1. 183,5. 186, 10. ΙΙ, 16,1,29, 1. 234, 14, III, 13, 2. 26, 2.
475542575622721331201,3.7ΙΙ4138,5,
40,,5,466,,48461,127Π1,2,,.,.,218262Χ38,14. 1155511555(1111555(11
Ι, 25, 17. (15515551, 31313 72, 9. 94,12. 130, 2, 141, 6, ΠΙ, 38, 3. 50, 3.
7, 70, 2. pr3yase IX 66, 23. 7, 66, 1. 5511555551, 7, 348, 8. 112, 8.
7, 15, 4, 711, 66, 14. 5551555 (55515517, 15, 4. 55515551, 55, 3. VIII,

54, 3. 1515551, 57, 1.1 1,1, 8. 130 6. ΠΙ, 37, l. 17Π1, 24, 12, 5551555
VIII, 25, 7. 1151555131 7. 57, 3. 73, 5. 9511 0,4, 113, 6, 121, 14.
134, 3. 15555551, 17, 7, 81, 8. 139, 6. ΠΙ, 41, 6. 51, 12. IV, 20, 2. 24, 1.
29, 3. VI, 38, 5. VIII, 24, 12. s3rcase IX, 65, 18. 5551555111, 31, 19.
VIII, 24, 26. VIII, 56, 18. 5555551, 16, 6. ΙΙΙ, 51, 4, IV, 20, 6. 71, 38, 5.
st3vaseV, 10, 7. 51515557111, 20, 8. 515555 (115151Χ, 77,1. jav3se ⁸
(5555115155111111 I,lI 50, 2. 55155511,165,14. 55151555((1515151Ι
70, 1. 51.151,Ρ51.1511 5. v. 111555 (111111, 25,21, 36,14, 37,15. 44,6,
72,.,779989,.,7291,1,.,,,.,.172411911465155411,,,,.723ΙΙ287
39, 6, ΠΙ, 36, 10. 53, 18. VI, 69, 5. 7111, 6, 33. 18, 18, 22. 48, 4. 52, 9.
50,12.„.,IX8248038.X,14,14.18025425635125741853
186, 3. (155555 (111551142,7166,15,.7,Ι45,7, 5511555 (11551,
1111151517, 29, 4. 551555 OI, 92,.9 V,4,7 9. 1111555 l, 87, 0. V,59,.3
15551555(11155517,51.,711,31.5 VH, 57, 5. 15555 (11151 VIII,
86, 10. ΙΧ, 86, 36. 1151Ο 555 (115111 VIII,4 7. 11151555 (115111 VIII,

65,1.1111155557,64,,5 515155555764,4(1151151(151. 115555 (115151 .

VII, 61, 6. VI, 39, 5, ad quem 1555111 M. Muellerus RVS I. p.150 5555 ad-
5515111. in Vl, 39, 5115555 may 55 5 (15151111, 51155 masculine, 151155

11515513 151555(11151,1Ι7 23, 7. 1555555 (11155511 84,10. X, 77,1.
Cum 111151 suffixa 55 51 us 55555511 'tudo quaedam intercedere videaur (51.

Bopp. ΙΙΙ ,40,81 515 subsiliant 1115 111 5511111115 addc subet 1515115111 151155, cuius ’

dativus v3pushe pariter alque 3vase 515. in infinitivum abiit, 51. 1, 64, 4;
119,5· 141,;11 48, 1, IV, 23, 9.V, 33, 9373, 3.VI, 63, 6.

Api· 1551515 555 1515151555 5551Ι 111555 linguae themata 1n 5551 terminata,
quae cum neutris 5511551. in 55 finit trs 15111 55551515 5551115551511Β551151551
ava1'1h 1551515115 1·1511115 51 11 55 potestat eatque radicum illud avae, 51.
Spiegeli gr. 555111. p. 80, 148. 1511511 1111 huiusmodi 5551515555111, 5. 63:
moshu 1115 1515 5151155, 15111 mihi celeriter auxilio, 11, 10, 24 1515111
515555, 1555551155, 11. 10, 77: 51515155151 515555, 15 auxilie 1555,
11, 10, 5: 3ca 115 15111151 515555, 1511151 55515 auxiliatum3 avaqy3i yt.
57, 20 (11, 10,,781 555115 15111151 511 51511151, 15515155515 ad auxilium).
1115115555, 1555555 J. 67, 9. 1515555 11. 10, 5. 15155555 11, 10, 5.
rafen0qy3i 1. 57, 20. 15155555555 111, 9. (11515555 1. 9, 82. 115-
1151155 (11 1151151 y. 43, 20. 1555515555 (1115551 1. 48, 3. 50, 9. 155-

 

