18

.-—-—

1,.104210111171,061,6 111,’4. 119, 2. 129, 4. 130, 9. 144, 5. ΙΙ, 5, 1.
32, 8. 34, 14. ΙΙΙ, 9, 1, 14, 2. 27, 6. 30, 22. 37, 8. 7, 5, 3, 5. 46, 3. 7Ι, 9, 7.
VIII, 3210. Χ, 81, 7. 461614 Ι, 4, 9. 102, 3, 5. 111, 4. 130, 6. 138, 4.
14361113119,36154175661443937111497111459
ΙΧ,,.,,1.79Χ38 11116141,,.561.6,322,1.23,.,.,.,.24795521372
’166,7. ΙΙΙ, 42, 4, 8,9. IV, 36, 2. 48,1, 7 71, 3, V,III 1212. 1111116-
pitaye I, 19, 9. 134, 1. 135, 1. VIII, 3, 7 -- SV. Ι, 256, 461441111414 I·,
16, 8. I, 2, 3. 8, 10. 14, 1, 6. 16, 1. 22, 9, 12. 23, 4, 7, 10. 44, 9. 48, 12.
92, 18. 111, 4. 137, 3. ΙΙ, 41, 1, 21. ΙΙΙ, 41, 1. 42, 3. IV, 46, 7. 47, 1. V,
51, 3. 7, 72, l. VIII, 13, 27. 111614 Ι, 5, 5. 13, 2. 74, 4, 6. 135, 1, 3, 4.
14213. ΙΙΙ, 13, 4. 7, 26, 2. 7ΙΙ, 16, 4. 7ΙΙΙ, 20, 10, 16. 6416111414 Ι,
12,9 ΙΙ, 23, 7. ΙΙΙ, 21, 2. IX, 46, 1. 41141116161414 X, 60, 8. (1416161414
7ΙΙΙ,49, 19 4411416414 IX 96, 4. 1161441414 Ι, 21, 3. 23, 19. 74, 6. ’
174,4. IV, 56, 5. VIII,12 1,5. 41141614 I, 1, 9. 22,12. 35,1. 89, 5. 97, 8.
ΙΙ, 2, 6. ΙΙΙ, 10, 8. 30, 18, IV, 31, 11. 7, 28, 2. 7Ι, 15,18.7ΙΙ, 39, 2. VIII,
31, 11. X, 63, 8-14, 14111614 Ι, 113, 5, 6. I, 30, 12. 57, 2. 112, Ι,2, 129, 4.
7, 44, 4. 72, 3. 74, 3. 7Ι, 70, 4. Χ, 70, 11. 411114111414 1,129, 1. VIII,
27,13.1641414Ι114141,25,,4 1761. 1111 161411, 1831 4164144111614
1164414, 44114444114111111, 11441111 ’11161411 1,=272 SV. II,1.164 11111- ¹
14141, 41,5. 4111611 1141,41 36, 20. 1111111111 14141, 1292. Α1616147, 10,6,
411111416141,158,211141611111, 124,1.Ι,113,64111414,6Ι141414
IX, 96‚.4

Η14 1461414 41111411 11411 ivis adiungamus 11414444 441 bactrica substantiva in
11 411441111411114111111 dat 1111 imprimis in ter tinfinit' trvos referendi 411111, 11411111
41111111 144 1. 19, 79, 4114144166 115, 418· 141114 414411444161111414-
tthus 11411 411111141 66 11461141* 44, 111 convertam Ζ41444 rem 411 legibus
4114111411414114111,4111414166 y. 19, 79. 41114166 11. 13, 67. apagat 66
11113, 35. 414111414166 1114, 78. 41141416611124, 4141114166 16.
8,,282 41144166112 12 41144111441,,1330.1141·.41661119,109,
qaret 44 y. 9‚7. gaoyaet 6611,10 112 141611 6611. 1,.534 9, 14. 15, 24.
141416614146441411.18,7. (1414166111 terminationem 6611114111 ex
416 contractam 4444 4411114144 linguae demonstrent, si particulare 46641111,
ad formam primitivam redire itaque propius accedere ad redicas 11144
formas Spiegelius docet gr. baetr. ξ, 24, 65.) duzhberet66 y. 1, 24. 111111-
11414166 1. 60, 16. 1111114141414644 11. 60, 5, 411161414644 1. 57, 5.
yt. 5, 6. nisar‘rharetaya6ea y. 57, 5. 70, 54, 55. yt. 5, 6. paitieret66
yt. 8, 39. 14111141414146441.17,47. 14111416166 1112013. paity-
611414644 1411. 18, 7, 14141461414644 (1414141111) vd. 6,10; y6zi
141411 4616 14416414111416111 1446114164111111414644114141414644
14141461414644, 41 Μ41641. terram irrigare 14111111 ad humectandum (que)
46 arandum (que) ad fodiendum (que). 11441114146441411.18,8. 114-

 

