20

.-.-. . .

3,5. s5mr5jy5ya 1, 25, 10, 00110000 1,101,1. (100001010000 Ι,
5],6 (00101,11.010001’110100). 0110110000 X, 60, 8, 10010000000111,
51, 3. VIII, 4, 4. 0111101010000 (subet. n. 11111010100) VIII, 78, 5 =
SV. II,'779.X, 55, 7: SV. II, 1134. 0010001001000111, 101, 6.
300111οο0 linguae exempla 01111111000101000111101110100 (01000-
10101110, 11),0 57, 5. 70, 55,015,6, 0110001011011001010)01 19, 50:
110111 00000 0110010101 1010 01011101010011101 1,1010011011010, 00 amplius
0001010 possis in terram ab 111010 01001 001; 00101 (0010) rep 101100110-
100101(001000010,111,) 01. 10, 5. 11101 (1110) y. 41, 8 0101011 110100
..... (10100101 11101, 100, 011 11110110 valeant, proprie: 01011100 longo ro-
bori3 0110000001 (01100001100)11,9 48. 010010101 (01101010)
100239. 011 1101(11110)0,45,3. 001011011001010)03,4,11. 1010101-
10110000(10101110110)0.,,674 0000011000 0101))0011,812;0180103,
comment. p 378100010100 (100010 111101) 01. 1,3 33 10100110-
ghny5i vd. I, 57. comment. p. 39. zy5n5i (10000) y. 64, 44. zy5naya5ea
(zy5ni) y, 13, 8, 10101 (10100 111010) 01, 13, 78. 111011101 01.13,10.
0101011101 1010101110 10101001. I, 44: ushi ahurane 01010100 0010-
maid5 (1010111011110111010 0010111010, spiritum Ahurae Mardae prae-
0110011100, 01010010 comprehendamus 1100111010 00001001. 0011100000 (pai-
1100) y. 52,4, 1100101101 1110010110)01,11,7,11001101110000 (100,
100,110011010)0113,68 11000111001(110111011100)01 1,,16 3. 11000-
1001(11010100)01 1,16, 3. 0114111000010101103.110010101101-
001 y. 59, 7. ba5shaz5i y. 10, 22. vd. 7, 94. 10001010011 y. 10, 5. 11010-
thre (10101110)]000100101. vd. 2, 36, comment. p. 61. 101011011010-
110)100,,010 dat. vd. 3, 89, 0001111001, p. 97. mag5i (maga) y. 50, 11.
01001101 (11100110) y. 11, 26. 1001011101 (1110101110 111101) 01. 1, 44.
marzhdik5i (1110111011100,11,) 01, 10, 5. 010111011οἱ (0101110110) 01.
8, 44. 1010011101 (10100110) y. 28, 3. 1010010110100 (1010010110) y.
67, 5. 1011110100(1011110)101.16,23, 10111101 y. 45, 10, 1101011110
100. (1101011110)0 ,10, 82. 1010101101 (10101000) y. 48 7, 10101110-
0100101. 24, 37, 10, 5. 101001010000 100 (0010011010)01,13 68. 000-
101 (0001101011) 11,,63 0001100000 100 (000110)1012,132. 0111101
(011100)0, 67, 9. 0001101 (000110 1000) 0 45, 3, quo Ioco Spiegelius
scripsit 000110, 00001010 00011011000110)101. 9, 36, 37, 38, 39. 0114,
45. 011001 10001011) y. 48, 9. 0100001100οί (0100011110) y. 34, 5. ha·
khedhr5i (hakhedhra) 011019. 10101110011101 (10101100100)101,
7,137. 101011101 (10101110) y. 54,17. 57, 5. 70, 55. 01. 5, 6. vd. 13,

· 168. 10101101 (10101110) 01, 24,32, 10, 5. y. 11, 26; 15, 2. 67, 10,

1010000100 (1011011100) y. 67, 5; 1010110101 (1111011010) vd. 4,12.
Omnes 100 1010111100, quos ex Ri'gveda 01 Ζο001-11100100011000111111,
010 10110000 exeeptis, qui in -10101 exeunt, neque 101010 neque sensu 0 010-

 

